     1,
    75,
   519,
   593,
   667,
   741,
   815,
   889,
   963,
  1037,
  1111,
  1185,
  1259,
  1333,
  1407,
   594,
   668,
   742,
   816,
   890,
   964,
  1038,
  1112,
  1186,
  1260,
  1334,
  1408,
   669,
   743,
   817,
   891,
   965,
  1039,
  1113,
  1187,
  1261,
  1335,
  1409,
   744,
   818,
   892,
   966,
  1040,
  1114,
  1188,
  1262,
  1336,
  1410,
   745,
   819,
   893,
   967,
  1041,
  1115,
  1189,
  1263,
  1337,
  1411,
  1042,
  1116,
  1190,
  1264,
  1338,
  1412,
  1117,
  1191,
  1265,
  1339,
  1413,
  1266,
  1340,
  1414,
  1341,
  1415,
  1342,
  1416,
    68,
    69,
    70,
   144,
    71,
   145,
   219,
    72,
   146,
   220,
   294,
   368,
   442,
   516,
  1108,
    73,
   147,
   221,
   295,
   369,
   443,
   517,
   591,
  1035,
  1109,
  1183,
  1257,
  1331,
  1405,
  1479,
    74,
   148,
   222,
   296,
   370,
   444,
   518,
   592,
  1036,
  1110,
  1184,
  1258,
  1332,
  1406,
  1480,
