     1,
    75,
   149,
   963,
  1037,
  1111,
  1185,
  1259,
  1333,
  1407,
  1481,
  1555,
  1629,
  1703,
  1777,
  1851,
  1925,
  1999,
  2073,
  2147,
  2221,
  2295,
  2369,
  2443,
  2517,
  2591,
  2665,
  2739,
  2813,
  2887,
  1112,
  1186,
  1260,
  1334,
  1408,
  1482,
  1556,
  1630,
  1704,
  1778,
  1852,
  1926,
  2000,
  2074,
  2148,
  2222,
  2296,
  2370,
  2444,
  2518,
  2592,
  2666,
  2740,
  2814,
  2888,
  1261,
  1335,
  1409,
  1483,
  1557,
  1631,
  1705,
  1779,
  1853,
  1927,
  2001,
  2075,
  2149,
  2223,
  2297,
  2371,
  2445,
  2519,
  2593,
  2667,
  2741,
  2815,
  2889,
  1410,
  1484,
  1558,
  1632,
  1706,
  1780,
  1854,
  1928,
  2002,
  2076,
  2150,
  2224,
  2298,
  2372,
  2446,
  2520,
  2594,
  2668,
  2742,
  2816,
  2890,
  1411,
  1485,
  1559,
  1633,
  1707,
  1855,
  2151,
  2225,
  2299,
  2373,
  2447,
  2521,
  2595,
  2669,
  2743,
  2817,
  2891,
  2226,
  2300,
  2374,
  2448,
  2522,
  2596,
  2670,
  2744,
  2818,
  2892,
  2227,
  2301,
  2375,
  2449,
  2523,
  2597,
  2671,
  2745,
  2819,
  2893,
  2598,
  2672,
  2746,
  2820,
  2894,
  2599,
  2673,
  2747,
  2821,
  2895,
  2674,
  2748,
  2822,
  2896,
    68,
   142,
    69,
   143,
   217,
    70,
   144,
   218,
   292,
    71,
   145,
   219,
   293,
   367,
   441,
    72,
   146,
   220,
   294,
   368,
   442,
   516,
   590,
   664,
   738,
   812,
   886,
   960,
  1034,
  2144,
  2218,
  2292,
  2884,
    73,
   147,
   221,
   295,
   369,
   443,
   517,
   591,
   665,
   739,
   813,
   887,
   961,
  1035,
  1109,
  1923,
  1997,
  2071,
  2145,
  2219,
  2293,
  2367,
  2441,
  2515,
  2589,
  2663,
  2737,
  2811,
  2885,
  2959,
    74,
   148,
   222,
   296,
   370,
   444,
   518,
   592,
   666,
   740,
   814,
   888,
   962,
  1036,
  1110,
  1184,
  1258,
  1924,
  1998,
  2072,
  2146,
  2220,
  2294,
  2368,
  2442,
  2516,
  2590,
  2664,
  2738,
  2812,
  2886,
  2960,
